12190,-780,100 2

9750,-160,100 0

7310,460,100 0

4870,1080,100 0

2430,1700,100 0

0,2310,100 4

80,2390,100 0

160,2470,100 0

240,2550,100 0

320,2630,100 0

390,2710,100 3

2750,2010,100 0

5110,1310,100 0

7470,610,100 0

9830,-90,100 0

12190,-780,100 2

8700,-90,100 0

5210,600,100 0

1720,1290,100 0

-1770,1980,100 0

-5240,2660,100 3

-7060,3100,100 0

-8880,3540,100 0

-10700,3980,100 0

-12520,4420,100 0

-14350,4870,100 1

-11480,4230,100 0

-8610,3590,100 0

-5740,2950,100 0

-2870,2310,100 0

0,1690,100 4

-140,1580,100 0

-280,1470,100 0

-420,1360,100 0

-560,1250,100 0

-720,1130,100 3

12180,860,100 2

9740,470,100 0

7300,80,100 0

4860,-310,100 0

2420,-700,100 0

0,-1080,100 4

-1190,-1550,100 0

-2380,-2020,100 0

-3570,-2490,100 0

-4760,-2960,100 0

-5930,-3420,100 3

-2310,-2560,100 0

1310,-1700,100 0

4930,-840,100 0

8550,20,100 0

12180,860,100 2

9740,270,100 0

7300,-320,100 0

4860,-910,100 0

2420,-1500,100 0

0,-2080,100 4

40,-2110,100 0

80,-2140,100 0

120,-2170,100 0

160,-2200,100 0

200,-2210,100 3

2600,-1600,100 0

5000,-990,100 0

7400,-380,100 0

9800,230,100 0

12180,860,100 2

8840,430,100 0

5500,0,100 0

2160,-430,100 0

-1180,-860,100 0

-4520,-1300,100 3

-5920,-1430,100 0

-7320,-1560,100 0

-8720,-1690,100 0

-10120,-1820,100 0

-11510,-1930,100 1

-7140,-1910,100 0

-2770,-1890,100 0

1600,-1870,100 0

5970,-1850,100 0

10340,-1840,100 3

10730,-1830,100 0

11120,-1820,100 0

11510,-1810,100 0

11900,-1800,100 0

12270,-1770,100 1

7690,-1980,100 0

3110,-2190,100 0

-1470,-2400,100 0

-6050,-2610,100 0

-10650,-2820,100 3

-11160,-2920,100 0

-11670,-3020,100 0

-12180,-3120,100 0

-12690,-3220,100 0

-13220,-3330,100 1

-9370,-2340,100 0

-5520,-1350,100 0

-1670,-360,100 0

2180,630,100 0

6040,1620,100 3

7250,1860,100 0

8460,2100,100 0

9670,2340,100 0

10880,2580,100 0

12080,2810,100 1

7860,2660,100 0

3640,2510,100 0

-580,2360,100 0

-4800,2210,100 0

-9020,2040,100 3

-9540,2160,100 0

-10060,2280,100 0

-10580,2400,100 0

-11100,2520,100 0

-11600,2660,100 1

-7870,2410,100 0

-4140,2160,100 0

-410,1910,100 0

3320,1660,100 0

7030,1430,100 3

7890,1370,100 0

8750,1310,100 0

9610,1250,100 0

10470,1190,100 0

11340,1120,100 1

6402,1460,100 0

1480,1800,100 0

-3450,2140,100 0

-8380,2480,100 0

-13290,2830,100 3

12100,-840,100 2

9680,-620,100 0

7260,-400,100 0

4840,-180,100 0

2420,40,100 0

0,280,100 4

70,280,100 0

140,280,100 0

210,280,100 0

280,280,100 0

350,280,100 3

2700,60,100 0

5050,-160,100 0

7400,-380,100 0

9750,-600,100 0

12100,-840,100 2

8620,-510,100 0

5140,-180,100 0

1660,150,100 0

-1820,480,100 0

-5300,820,100 3

-6540,1130,100 0

-7780,1440,100 0

-9020,1750,100 0

-10260,2058,100 0

-11510,2360,100 1

-7570,2280,100 0

-3630,2200,100 0

310,2120,100 0

4250,2040,100 0

8200,1970,100 3

8980,2130,100 0

9760,2290,100 0

10540,2450,100 0

11320,2610,100 0

12120,2750,100 1

8760,2630,100 0

5400,2510,100 0

2040,2390,100 0

-1320,2270,100 0

-4700,2160,100 3

-5470,2140,100 0

-6240,2120,100 0

-7010,2100,100 0

-7780,2080,100 0

-8550,2058,100 1

-6840,2030,100 0

-5130,2000,100 0

-3420,1970,100 0

-1710,1940,100 0

0,1930,100 4

-130,2010,100 0

-260,2090,100 0

-390,2170,100 0

-520,2250,100 0

-630,2340,100 3

12140,840,100 2

8370,460,100 0

4600,80,100 0

830,-300,100 0

-2940,-680,100 0

-6730,-1060,100 3

-2960,-680,100 0

810,-300,100 0

4580,80,100 0

8350,460,100 0

12140,840,100 2

8690,600,100 0

5240,360,100 0

1790,120,100 0

-1660,-120,100 0

-5110,-370,100 3

-6402,-480,100 0

-7710,-590,100 0

-9010,-700,100 0

-10310,-810,100 0

-11600,-910,100 1

-8520,-910,100 0

-5440,-910,100 0

-2360,-910,100 0

720,-910,100 0

3810,-910,100 3

4260,-910,100 0

4710,-910,100 0

5160,-910,100 0

5610,-910,100 0

6080,-910,100 1

3960,-30,100 0

1840,850,100 0

-280,1730,100 0

-2400,2610,100 0

-4520,3480,100 3

-5180,3780,100 0

-5840,4080,100 0

-6500,4380,100 0

-7160,4680,100 0

-7810,4960,100 3

12120,-630,100 2

9700,-230,100 0

7280,170,100 0

4860,570,100 0

2440,970,100 0

0,1390,100 4

130,1370,100 0

260,1350,100 0

390,1330,100 0

520,1310,100 0

630,1280,100 3

2930,900,100 0

5230,520,100 0

7530,140,100 0

9830,-240,100 0

12120,-630,100 2

8680,-100,100 0

5240,430,100 0

1800,960,100 0

-1640,1490,100 0

-5060,2040,100 3

-6380,2510,100 0

-7700,2980,100 0

-9020,3450,100 0

-10340,3920,100 0

-11640,4410,100 1

-7510,3350,100 0

-3380,2290,100 0

750,1230,100 0

4880,170,100 0

9000,-910,100 3

9860,-1060,100 0

10720,-1210,100 0

11580,-1360,100 0

12440,-1510,100 0

13310,-1640,100 1

8110,-1010,100 0

2910,-380,100 0

-2290,250,100 0

-7490,880,100 0

-12680,1510,100 3

12100,700,100 2

9680,150,100 0

7260,-400,100 0

4840,-950,100 0

2420,-1500,100 0

0,-2058,100 4

-1130,-2570,100 0

-2260,-3080,100 0

-3390,-3590,100 0

-4520,-4100,100 0

-5670,-4630,100 3

-2120,-3560,100 0

1430,-2490,100 0

4980,-1420,100 0

8530,-350,100 0

12100,700,100 2

9680,310,100 0

7260,-80,100 0

4840,-470,100 0

2420,-860,100 0

0,-1250,100 4

60,-1230,100 0

120,-1210,100 0

180,-1190,100 0

240,-1170,100 0

280,-1150,100 3

12160,-990,100 2

8470,-520,100 0

4780,-50,100 0

1090,420,100 0

-2600,890,100 0

-6280,1340,100 3

-7490,1470,100 0

-8700,1600,100 0

-9910,1730,100 0

-11120,1860,100 0

-12310,2010,100 1

-8500,1790,100 0

-4690,1570,100 0

-880,1350,100 0

2930,1130,100 0

6730,890,100 3

7640,860,100 0

8550,830,100 0

9460,800,100 0

10370,770,100 0

11260,760,100 1

7620,1120,100 0

3980,1480,100 0

340,1840,100 0

-3300,2200,100 0

-6950,2570,100 3

-8050,2950,100 0

-9144,3330,100 0

-10250,3710,100 0

-11350,4090,100 0

-12470,4480,100 1

-9710,4020,100 0

-6950,3560,100 0

-4190,3100,100 0

-1430,2640,100 0

1340,2160,100 1

120,1080,100 0

-1100,0,100 0

-2320,-1080,100 0

-3540,-2160,100 0

-4780,-3220,100 3

-5390,-3570,100 0

-6000,-3920,100 0

-6610,-4270,100 0

-7220,-4620,100 0

-7830,-4950,100 1

-5720,-3570,100 0

-3610,-2190,100 0

-1500,-810,100 0

610,570,100 0

2730,1950,100 1

1440,1230,100 0

150,510,100 0

-1140,-210,100 0

-2430,-930,100 0

-3740,-1650,100 3

-5820,-1420,100 0

-7900,-1190,100 0

-9980,-960,100 0

-12060,-730,100 0

-14160,-520,100 3

12160,670,100 2

9730,210,100 0

7300,-250,100 0

4870,-710,100 0

2440,-1170,100 0

0,-1640,100 4

70,-1690,100 0

140,-1740,100 0

210,-1790,100 0

280,-1840,100 0

350,-1900,100 3

2710,-1390,100 0

5070,-880,100 0

7430,-370,100 0

9790,140,100 0

12160,670,100 2

8740,330,100 0

5320,-10,100 0

1900,-350,100 0

-1520,-690,100 0

-4960,-1020,100 3

-6270,-1140,100 0

-7580,-1260,100 0

-8890,-1380,100 0

-10200,-1500,100 0

-11510,-1620,100 1

-7200,-970,100 0

-2890,-320,100 0

1420,330,100 0

5730,980,100 0

10060,1650,100 3

10530,1800,100 0

11000,1950,100 0

11470,2100,100 0

11940,2250,100 0

12400,2380,100 1

8580,2320,100 0

4760,2260,100 0

940,2200,100 0

-2880,2140,100 0

-6710,2100,100 3

-7880,2058,100 0

-9050,2020,100 0

-10220,1980,100 0

-11390,1940,100 0

-12570,1910,100 1

-8450,1630,100 0

-4330,1350,100 0

-210,1070,100 0

3910,790,100 0

8010,500,100 3

8970,440,100 0

9930,380,100 0

10890,320,100 0

11850,260,100 0

12790,190,100 1

9010,680,100 0

5230,1170,100 0

1450,1660,100 0

-2330,2150,100 0

-6130,2640,100 3

-7370,2770,100 0

-8610,2900,100 0

-9850,3030,100 0

-11090,3160,100 0

-12340,3270,100 1

-8430,2340,100 0

-4520,1410,100 0

-610,480,100 0

3300,-450,100 0

7230,-1380,100 3

8260,-1590,100 0

9290,-1800,100 0

10320,-2010,100 0

11350,-2220,100 0

12380,-2450,100 1

8020,-1320,100 0

3660,-190,100 0

-700,940,100 0

-5060,2070,100 0

-9420,3190,100 3

-10080,3480,100 0

-10740,3770,100 0

-11400,4060,100 0

-12060,4350,100 0

-12710,4650,100 1

-7910,4370,100 0

-3110,4090,100 0

1690,3810,100 0

6490,3530,100 0

11300,3250,100 3

11730,3300,100 0

12160,3350,100 0

12590,3400,100 0

13020,3450,100 0

13440,3480,100 1

8820,3330,100 0

4200,3180,100 0

-420,3030,100 0

-5040,2880,100 0

-9680,2710,100 3

-10050,2740,100 0

-10420,2770,100 0

-10790,2800,100 0

-11160,2830,100 0

-11540,2840,100 1

-7920,2030,100 0

-4300,1220,100 0

-680,410,100 0

2940,-400,100 0

6560,-1230,100 3

7670,-1370,100 0

8780,-1510,100 0

9890,-1650,100 0

11000,-1790,100 0

12100,-1910,100 1

8640,-1040,100 0

5180,-170,100 0

1720,700,100 0

-1740,1570,100 0

-5200,2440,100 3

-6700,2740,100 0

-8200,3040,100 0

-9700,3340,100 0

-11200,3640,100 0

-12680,3920,100 1

-8590,3590,100 0

-4500,3260,100 0

-410,2930,100 0

3680,2600,100 0

7790,2250,100 3

8710,2380,100 0

9630,2510,100 0

10550,2640,100 0

11470,2770,100 0

12380,2900,100 1

9900,2790,100 0

7420,2680,100 0

4940,2570,100 0

2460,2460,100 0

0,2340,100 4

30,2310,100 0

60,2280,100 0

90,2250,100 0

120,2220,100 0

130,2190,100 3

12060,-560,100 2

8570,300,100 0

5080,1160,100 0

1590,2020,100 0

-1900,2880,100 0

-5410,3720,100 3

-6850,4050,100 0

-8290,4380,100 0

-9730,4710,100 0

-11170,5040,100 0

-12600,5350,100 1

-8930,4480,100 0

-5260,3610,100 0

-1590,2740,100 0

2080,1870,100 0

5740,1000,100 1

3380,230,100 0

1020,-540,100 0

-1340,-1310,100 0

-3700,-2080,100 0

-6080,-2830,100 3

-7220,-3310,100 0

-8360,-3790,100 0

-9500,-4270,100 0

-10640,-4750,100 0

-11770,-5220,100 3

12060,710,100 2

9650,240,100 0

7240,-230,100 0

4830,-700,100 0

2420,-1170,100 0

0,-1650,100 4

40,-1690,100 0

80,-1730,100 0

120,-1770,100 0

160,-1810,100 0

220,-1840,100 3

2590,-1330,100 0

4960,-820,100 0

7330,-310,100 0

9700,200,100 0

12060,710,100 2

8740,360,100 0

5420,10,100 0

2100,-340,100 0

-1220,-690,100 0

-4540,-1060,100 3

-5960,-1200,100 0

-7380,-1340,100 0

-8800,-1480,100 0

-10220,-1620,100 0

-11620,-1750,100 1

-8070,-1650,100 0

-4520,-1550,100 0

-970,-1450,100 0

2580,-1350,100 0

6120,-1260,100 3

7220,-1330,100 0

8320,-1400,100 0

9420,-1470,100 0

10520,-1540,100 0

11620,-1620,100 1

7560,-1740,100 0

3500,-1860,100 0

-560,-1980,100 0

-4620,-2100,100 0

-8680,-2210,100 3

-9660,-2340,100 0

-10640,-2470,100 0

-11620,-2600,100 0

-12600,-2730,100 0

-13570,-2840,100 1

-8510,-2790,100 0

-3450,-2740,100 0

1610,-2690,100 0

6670,-2640,100 0

11730,-2570,100 3

12140,-2580,100 0

12550,-2590,100 0

12960,-2600,100 0

13370,-2610,100 0

13790,-2640,100 1

11030,-2420,100 0

8270,-2200,100 0

5510,-1980,100 0

2750,-1760,100 0

0,-1520,100 4

40,-1540,100 0

80,-1560,100 0

120,-1580,100 0

160,-1600,100 0

200,-1600,100 3

12050,-820,100 2

8600,-570,100 0

5150,-320,100 0

1700,-70,100 0

-1750,180,100 0

-5190,410,100 3

-7290,670,100 0

-9390,930,100 0

-11490,1190,100 0

-13590,1450,100 0

-15670,1710,100 3

12030,450,100 2

8680,-170,100 0

5330,-790,100 0

1980,-1410,100 0

-1370,-2030,100 0

-4740,-2640,100 3

-6140,-3040,100 0

-7540,-3440,100 0

-8940,-3840,100 0

-10340,-4240,100 0

-11730,-4650,100 1

-8280,-3260,100 0

-4830,-1870,100 0

-1380,-480,100 0

2070,910,100 0

5520,2320,100 1

3810,1610,100 0

2100,900,100 0

390,190,100 0

-1320,-520,100 0

-3010,-1210,100 3

-3550,-1390,100 0

-4090,-1570,100 0

-4630,-1750,100 0

-5170,-1930,100 0

-5730,-2100,100 1

-2500,-2460,100 0

730,-2820,100 0

3960,-3180,100 0

7190,-3540,100 0

10430,-3890,100 3

11080,-3990,100 0

11730,-4090,100 0

12380,-4190,100 0

13030,-4290,100 0

13700,-4390,100 3

12120,-500,100 2

8290,-200,100 0

4460,100,100 0

630,400,100 0

-3200,700,100 0

-7030,1000,100 3

-3200,700,100 0

630,400,100 0

4460,100,100 0

8290,-200,100 0

12120,-500,100 2

8460,60,100 0

4800,620,100 0

1140,1180,100 0

-2520,1740,100 0

-6190,2310,100 3

-7270,2430,100 0

-8350,2550,100 0

-9430,2670,100 0

-10510,2790,100 0

-11600,2920,100 1

-7310,2180,100 0

-3020,1440,100 0

1270,700,100 0

5560,-40,100 0

9870,-780,100 3

10250,-780,100 0

10630,-780,100 0

11010,-780,100 0

11390,-780,100 0

11790,-780,100 1

7270,100,100 0

2750,980,100 0

-1770,1860,100 0

-6290,2740,100 0

-10820,3610,100 3

-11540,3840,100 0

-12260,4070,100 0

-12980,4300,100 0

-13700,4530,100 0

-14440,4780,100 1

-9290,4020,100 0

-4140,3260,100 0

1010,2500,100 0

6160,1740,100 0

11300,1000,100 3

11720,1030,100 0

12140,1060,100 0

12560,1090,100 0

12980,1120,100 0

13380,1130,100 1

9100,1170,100 0

4820,1210,100 0

540,1250,100 0

-3740,1290,100 0

-8010,1340,100 3

-8710,1300,100 0

-9410,1260,100 0

-10110,1220,100 0

-10810,1180,100 0

-11490,1150,100 1

-7360,1370,100 0

-3230,1590,100 0

900,1810,100 0

5030,2030,100 0

9144,2230,100 3

10220,2430,100 0

11290,2630,100 0

12360,2830,100 0

13430,3030,100 0

14500,3230,100 1

10480,3150,100 0

6460,3070,100 0

2440,2990,100 0

-1580,2910,100 0

-5610,2810,100 1

-2620,2620,100 0

370,2430,100 0

3360,2240,100 0

6350,2057,100 0

9330,1860,100 3

10270,2110,100 0

11210,2360,100 0

12150,2610,100 0

13090,2860,100 0

14050,3100,100 1

11240,2230,100 0

8430,1360,100 0

5620,490,100 0

2810,-380,100 0

0,-1250,100 4

70,-1300,100 0

140,-1350,100 0

210,-1400,100 0

280,-1450,100 0

330,-1510,100 3

-12100,-520,100 2

-8350,-150,100 0

-4600,220,100 0

-850,590,100 0

2900,960,100 0

6650,1320,100 3

2900,950,100 0

-850,580,100 0

-4600,210,100 0

-8350,-160,100 0

-12100,-520,100 2

-8630,150,100 0

-5160,820,100 0

-1690,1490,100 0

1780,2160,100 0

5240,2840,100 3

7060,3380,100 0

8880,3920,100 0

10700,4460,100 0

12520,5000,100 0

14350,5520,100 1

11480,4940,100 0

8610,4360,100 0

5740,3780,100 0

2870,3200,100 0

0,2600,100 4

60,2560,100 0

120,2520,100 0

180,2480,100 0

240,2440,100 0

300,2380,100 3

-12050,520,100 2

-8410,-510,100 0

-4770,-1540,100 0

-1130,-2570,100 0

2510,-3600,100 0

6150,-4630,100 3

2510,-3600,100 0

-1130,-2570,100 0

-4770,-1540,100 0

-8410,-510,100 0

-12050,520,100 2

-8700,-100,100 0

-5350,-720,100 0

-2000,-1340,100 0

1350,-1960,100 0

4700,-2580,100 3

6440,-2970,100 0

8180,-3360,100 0

9920,-3750,100 0

11660,-4140,100 0

13380,-4520,100 1

9240,-3360,100 0

5100,-2200,100 0

960,-1040,100 0

-3180,120,100 0

-7310,1280,100 3

-8330,1580,100 0

-9350,1880,100 0

-10370,2180,100 0

-11390,2480,100 0

-12400,2770,100 1

-7920,1700,100 0

-3440,630,100 0

1040,-440,100 0

5520,-1510,100 0

9980,-2580,100 3

10660,-2720,100 0

11340,-2860,100 0

12020,-3000,100 0

12700,-3140,100 0

13400,-3270,100 1

9710,-2380,100 0

6020,-1490,100 0

2330,-600,100 0

-1360,290,100 0

-5070,1170,100 3

-6380,1590,100 0

-7690,2010,100 0

-9000,2430,100 0

-10310,2850,100 0

-11640,3250,100 1

-8130,2170,100 0

-4620,1090,100 0

-1110,10,100 0

2400,-1070,100 0

5890,-2140,100 3

7370,-2470,100 0

8850,-2800,100 0

10330,-3130,100 0

11810,-3460,100 0

13290,-3770,100 1

8860,-2570,100 0

4430,-1370,100 0

0,-170,100 0

-4430,1030,100 0

-8870,2210,100 3

-9580,2370,100 0

-10290,2530,100 0

-11000,2690,100 0

-11710,2850,100 0

-12440,3010,100 1

-8020,2690,100 0

-3600,2370,100 0

820,2057,100 0

5240,1730,100 0

9650,1410,100 3

10240,1340,100 0

10830,1270,100 0

11420,1200,100 0

12010,1130,100 0

12600,1060,100 1

8500,1410,100 0

4400,1760,100 0

300,2110,100 0

-3800,2460,100 0

-7900,2830,100 3

-8660,2920,100 0

-9420,3010,100 0

-10180,3100,100 0

-10940,3190,100 0

-11710,3270,100 1

-8260,2010,100 0

-4810,750,100 0

-1360,-510,100 0

2090,-1770,100 0

5560,-3030,100 3

7120,-3570,100 0

8680,-4115,100 0

10240,-4650,100 0

11800,-5190,100 0

13380,-5740,100 1

8770,-5130,100 0

4160,-4520,100 0

-450,-3910,100 0

-5060,-3300,100 0

-9670,-2700,100 3

-10470,-2650,100 0

-11270,-2600,100 0

-12070,-2550,100 0

-12870,-2500,100 0

-13660,-2450,100 1

-8550,-1310,100 0

-3440,-170,100 0

1670,970,100 0

6780,2110,100 0

11887,3230,100 3

12630,3420,100 0

13380,3610,100 0

14130,3800,100 0

14880,3990,100 0

15610,4180,100 3

-12080,-630,100 2

-8540,-80,100 0

-5000,470,100 0

-1460,1020,100 0

2080,1570,100 0

5630,2100,100 3

7160,2550,100 0

8690,3000,100 0

10220,3450,100 0

11750,3900,100 0

13270,4350,100 1

10620,3340,100 0

7970,2330,100 0

5320,1320,100 0

2670,310,100 0

0,-720,100 4

-940,-1150,100 0

-1880,-1580,100 0

-2820,-2010,100 0

-3760,-2440,100 0

-4700,-2860,100 1

-1960,-1920,100 0

780,-980,100 0

3520,-40,100 0

6260,900,100 0

9020,1840,100 3

9440,2000,100 0

9860,2160,100 0

10280,2320,100 0

10700,2480,100 0

11120,2620,100 1

8020,2660,100 0

4920,2700,100 0

1820,2740,100 0

-1280,2780,100 0

-4390,2840,100 1

-2750,1890,100 0

-1110,940,100 0

530,-10,100 0

2170,-960,100 0

3830,-1900,100 3

5550,-2600,100 0

7270,-3300,100 0

8990,-4000,100 0

10710,-4700,100 0

12440,-5410,100 1

8170,-3790,100 0

3900,-2170,100 0

-370,-550,100 0

-4640,1070,100 0

-8890,2710,100 3

-9390,2910,100 0

-9890,3110,100 0

-10390,3310,100 0

-10890,3510,100 0

-11380,3720,100 1

-6270,1660,100 0

-1160,-400,100 0

3950,-2460,100 0

9060,-4520,100 0

14150,-6600,100 3

-12050,450,100 2

-8470,-540,100 0

-4890,-1530,100 0

-1310,-2520,100 0

2270,-3510,100 0

5870,-4480,100 3

2290,-3490,100 0

-1290,-2500,100 0

-4870,-1510,100 0

-8450,-520,100 0

-12050,450,100 2

-8550,-60,100 0

-5050,-570,100 0

-1550,-1080,100 0

1950,-1590,100 0

5470,-2120,100 3

7080,-2460,100 0

8690,-2800,100 0

10300,-3140,100 0

11910,-3480,100 0

13530,-3830,100 1

9320,-2820,100 0

5110,-1810,100 0

900,-800,100 0

-3310,210,100 0

-7510,1230,100 3

-8340,1510,100 0

-9170,1790,100 0

-10000,2070,100 0

-10830,2350,100 0

-11640,2620,100 1

-7050,2660,100 0

-2460,2700,100 0

2130,2740,100 0

6720,2780,100 0

11300,2830,100 3

11730,2880,100 0

12160,2930,100 0

12590,2980,100 0

13020,3030,100 0

13440,3090,100 1

8700,2940,100 0

3960,2790,100 0

-780,2640,100 0

-5520,2490,100 0

-10260,2340,100 3

-10790,2360,100 0

-11320,2380,100 0

-11850,2400,100 0

-12380,2420,100 0

-12920,2440,100 1

-8440,2380,100 0

-3960,2320,100 0

520,2260,100 0

5000,2200,100 0

9460,2160,100 3

10150,2210,100 0

10840,2260,100 0

11530,2310,100 0

12220,2360,100 0

12900,2420,100 1

8780,2310,100 0

4660,2200,100 0

540,2090,100 0

-3580,1980,100 0

-7680,1880,100 3

-8690,1860,100 0

-9700,1840,100 0

-10710,1820,100 0

-11720,1800,100 0

-12710,1800,100 1

-8740,2010,100 0

-4770,2220,100 0

-800,2430,100 0

3170,2640,100 0

7160,2840,100 3

7820,3030,100 0

8480,3220,100 0

9143,3410,100 0

9800,3600,100 0

10470,3770,100 1

7530,3670,100 0

4590,3570,100 0

1650,3470,100 0

-1290,3370,100 0

-4240,3290,100 3

-5110,3420,100 0

-5980,3550,100 0

-6850,3680,100 0

-7720,3810,100 0

-8590,3960,100 1

-4570,3840,100 0

-550,3720,100 0

3470,3600,100 0

7490,3480,100 0

11510,3350,100 3

11940,3370,100 0

12370,3390,100 0

12800,3410,100 0

13230,3430,100 0

13660,3440,100 1

9760,3430,100 0

5860,3420,100 0

1960,3410,100 0

-1940,3400,100 0

-5820,3380,100 1

-3620,2100,100 0

-1420,820,100 0

780,-460,100 0

2980,-1740,100 0

5200,-3010,100 3

5910,-3360,100 0

6620,-3710,100 0

7330,-4060,100 0

8040,-4410,100 0

8740,-4740,100 1

6300,-3150,100 0

3860,-1560,100 0

1420,30,100 0

-1020,1620,100 0

-3440,3220,100 3

-3970,3480,100 0

-4500,3740,100 0

-5030,4000,100 0

-5560,4260,100 0

-6100,4520,100 1

-2560,4170,100 0

980,3820,100 0

4520,3470,100 0

8060,3120,100 0

11580,2750,100 3

12150,2710,100 0

12720,2670,100 0

13290,2630,100 0

13860,2590,100 0

14440,2570,100 1

9800,2640,100 0

5160,2710,100 0

520,2780,100 0

-4120,2850,100 0

-8760,2900,100 3

-9740,2960,100 0

-10720,3020,100 0

-11700,3080,100 0

-12680,3140,100 0

-13640,3200,100 3

-12060,-480,100 2

-9650,-160,100 0

-7240,160,100 0

-4830,480,100 0

-2420,800,100 0

0,1120,100 4

-70,1160,100 0

-140,1200,100 0

-210,1240,100 0

-280,1280,100 0

-350,1320,100 3

-2690,960,100 0

-5030,600,100 0

-7370,240,100 0

-9710,-120,100 0

-12060,-480,100 2

-8550,290,100 0

-5040,1060,100 0

-1530,1830,100 0

1980,2600,100 0

5480,3350,100 3

6750,3720,100 0

8020,4090,100 0

9290,4460,100 0

10560,4830,100 0

11840,5200,100 1

7390,4370,100 0

2940,3540,100 0

-1510,2710,100 0

-5960,1880,100 0

-10390,1040,100 3

-10900,910,100 0

-11410,780,100 0

-11920,650,100 0

-12430,520,100 0

-12940,390,100 1

-8420,780,100 0

-3900,1170,100 0

620,1560,100 0

5140,1950,100 0

9670,2320,100 3

10420,2480,100 0

11170,2640,100 0

11920,2800,100 0

12670,2960,100 0

13400,3120,100 1

9360,2820,100 0

5320,2520,100 0

1280,2220,100 0

-2760,1920,100 0

-6800,1620,100 3

-7730,1640,100 0

-8660,1660,100 0

-9590,1680,100 0

-10520,1700,100 0

-11430,1710,100 1

-7000,2000,100 0

-2570,2290,100 0

1860,2580,100 0

6290,2870,100 0

10710,3140,100 3

11390,3340,100 0

12070,3540,100 0

12750,3740,100 0

13430,3940,100 0

14130,4160,100 1

9590,3760,100 0

5050,3360,100 0

510,2960,100 0

-4030,2560,100 0

-8590,2160,100 3

-9390,1980,100 0

-10190,1800,100 0

-10990,1620,100 0

-11790,1440,100 0

-12600,1250,100 1

-10080,710,100 0

-7560,170,100 0

-5040,-370,100 0

-2520,-910,100 0

0,-1430,100 4

-50,-810,100 0

-100,-190,100 0

-150,430,100 0

-200,1050,100 0

-240,1690,100 3

-12030,410,100 2

-8470,-580,100 0

-4910,-1570,100 0

-1350,-2560,100 0

2210,-3550,100 0

5760,-4540,100 3

2200,-3550,100 0

-1360,-2560,100 0

-4920,-1570,100 0

-8480,-580,100 0

-12030,410,100 2

-8590,-110,100 0

-5150,-630,100 0

-1710,-1150,100 0

1730,-1670,100 0

5190,-2170,100 3

6580,-2650,100 0

7970,-3130,100 0

9360,-3610,100 0

10750,-4090,100 0

12140,-4550,100 1

7460,-3160,100 0

2780,-1770,100 0

-1900,-380,100 0

-6580,1010,100 0

-11250,2420,100 3

-11680,2590,100 0

-12110,2760,100 0

-12540,2930,100 0

-12970,3100,100 0

-13420,3270,100 1

-8730,2140,100 0

-4040,1010,100 0

650,-120,100 0

5340,-1250,100 0

10020,-2400,100 3

10720,-2660,100 0

11420,-2920,100 0

12120,-3180,100 0

12820,-3440,100 0

13500,-3700,100 1

9320,-2620,100 0

5140,-1540,100 0

960,-460,100 0

-3220,620,100 0

-7380,1690,100 3

-8140,2058,100 0

-8900,2430,100 0

-9660,2800,100 0

-10420,3170,100 0

-11190,3550,100 1

-6870,2170,100 0

-2550,790,100 0

1770,-590,100 0

6090,-1970,100 0

10430,-3330,100 3

11140,-3680,100 0

11850,-4030,100 0

12560,-4380,100 0

13270,-4730,100 0

14000,-5070,100 1

9200,-4170,100 0

4400,-3270,100 0

-400,-2370,100 0

-5200,-1470,100 0

-9980,-580,100 3

-10570,-370,100 0

-11160,-160,100 0

-11750,50,100 0

-12340,260,100 0

-12920,480,100 1

-9250,560,100 0

-5580,640,100 0

-1910,720,100 0

1760,800,100 0

5430,860,100 3

6820,990,100 0

8210,1120,100 0

9600,1250,100 0

10990,1380,100 0

12400,1520,100 1

8520,1760,100 0

4640,2000,100 0

760,2240,100 0

-3120,2480,100 0

-6990,2700,100 3

-7550,2810,100 0

-8110,2920,100 0

-8670,3030,100 0

-9230,3140,100 0

-9810,3230,100 1

-5770,3200,100 0

-1730,3170,100 0

2310,3140,100 0

6350,3110,100 0

10370,3070,100 3

10830,3150,100 0

11290,3230,100 0

11750,3310,100 0

12210,3390,100 0

12660,3480,100 1

10130,2490,100 0

7600,1500,100 0

5070,510,100 0

2540,-480,100 0

0,-1470,100 4

50,-1500,100 0

100,-1530,100 0

150,-1560,100 0

200,-1590,100 0

240,-1640,100 3

-12060,-540,100 2

-8550,190,100 0

-5040,920,100 0

-1530,1650,100 0

1980,2380,100 0

5480,3120,100 3

7000,3570,100 0

8520,4020,100 0

10040,4470,100 0

11560,4920,100 0

13070,5390,100 1

8690,3590,100 0

4310,1790,100 0

-70,-10,100 0

-4450,-1810,100 0

-8810,-3620,100 3

-9390,-3870,100 0

-9970,-4116,100 0

-10550,-4370,100 0

-11130,-4620,100 0

-11690,-4890,100 1

-8210,-3460,100 0

-4730,-2030,100 0

-1250,-600,100 0

2230,830,100 0

5690,2270,100 3

6830,2740,100 0

7970,3210,100 0

9110,3680,100 0

10250,4150,100 0

11410,4610,100 1

7960,4620,100 0

4510,4630,100 0

1060,4640,100 0

-2390,4650,100 0

-5820,4650,100 3

-12160,410,100 2

-8600,-550,100 0

-5040,-1510,100 0

-1480,-2470,100 0

2080,-3430,100 0

5630,-4390,100 3

2070,-3430,100 0

-1490,-2470,100 0

-5050,-1510,100 0

-8610,-550,100 0

-12160,410,100 2

-8540,0,100 0

-4920,-410,100 0

-1300,-820,100 0

2320,-1230,100 0

5950,-1650,100 3

7620,-1890,100 0

9290,-2130,100 0

10960,-2370,100 0

12630,-2610,100 0

14290,-2840,100 1

9320,-1120,100 0

4350,600,100 0

-620,2320,100 0

-5590,4040,100 0

-10580,5760,100 3

-12190,-280,100 2

-8560,-280,100 0

-4930,-280,100 0

-1300,-280,100 0

2330,-280,100 0

5950,-280,100 3

2320,-280,100 0

-1310,-280,100 0

-4940,-280,100 0

-8570,-280,100 0

-12190,-280,100 2

-8700,70,100 0

-5210,420,100 0

-1720,770,100 0

1770,1120,100 0

5240,1470,100 3

6490,1560,100 0

7740,1650,100 0

8990,1740,100 0

10240,1830,100 0

11490,1930,100 1

7090,1720,100 0

2690,1510,100 0

-1710,1300,100 0

-6110,1090,100 0

-10520,870,100 3

-10910,790,100 0

-11300,710,100 0

-11690,630,100 0

-12080,550,100 0

-12470,460,100 1

-7700,-140,100 0

-2930,-740,100 0

1840,-1340,100 0

6610,-1940,100 0

11400,-2550,100 3

11820,-2610,100 0

12240,-2670,100 0

12660,-2730,100 0

13080,-2790,100 0

13510,-2830,100 1

11887,-1990,100 0

10250,-1150,100 0

8620,-310,100 0

6990,530,100 0

5350,1390,100 3

-12140,430,100 2

-8560,-540,100 0

-4980,-1510,100 0

-1400,-2480,100 0

2180,-3450,100 0

5780,-4410,100 3

2200,-3440,100 0

-1380,-2470,100 0

-4960,-1500,100 0

-8540,-530,100 0

-12140,430,100 2

-8600,10,100 0

-5060,-410,100 0

-1520,-830,100 0

2020,-1250,100 0

5540,-1690,100 3

6740,-1840,100 0

7940,-1990,100 0

9143,-2140,100 0

10340,-2290,100 0

11560,-2420,100 1

7150,-2150,100 0

2740,-1880,100 0

-1670,-1610,100 0

-6080,-1340,100 0

-10480,-1090,100 3

-10970,-700,100 0

-11460,-310,100 0

-11950,80,100 0

-12440,470,100 0

-12940,840,100 1

-8480,230,100 0

-4020,-380,100 0

440,-990,100 0

4900,-1600,100 0

9350,-2230,100 3

10010,-2340,100 0

10670,-2450,100 0

11330,-2560,100 0

11990,-2670,100 0

12640,-2790,100 1

8020,-2630,100 0

3400,-2470,100 0

-1220,-2310,100 0

-5840,-2150,100 0

-10470,-1990,100 3

-11110,-1890,100 0

-11750,-1790,100 0

-12390,-1690,100 0

-13030,-1590,100 0

-13680,-1510,100 1

-8870,-2000,100 0

-4060,-2490,100 0

750,-2980,100 0

5560,-3470,100 0

10390,-3980,100 3

11000,-4115,100 0

11610,-4240,100 0

12220,-4370,100 0

12830,-4500,100 0

13460,-4630,100 1

10770,-4270,100 0

8080,-3910,100 0

5390,-3550,100 0

2700,-3190,100 0

0,-2830,100 4

60,-2880,100 0

120,-2930,100 0

180,-2980,100 0

240,-3030,100 0

280,-3070,100 3

-12120,-460,100 2

-9700,210,100 0

-7280,880,100 0

-4860,1550,100 0

-2440,2220,100 0

0,2900,100 4

-90,2930,100 0

-180,2960,100 0

-270,2990,100 0

-360,3020,100 0

-430,3050,100 3

-2770,2350,100 0

-5110,1650,100 0

-7450,950,100 0

-9790,250,100 0

-12120,-460,100 2

-9700,60,100 0

-7280,580,100 0

-4860,1100,100 0

-2440,1620,100 0

0,2160,100 4

-120,2200,100 0

-240,2240,100 0

-360,2280,100 0

-480,2320,100 0

-590,2380,100 3

-12120,460,100 2

-8490,-370,100 0

-4860,-1200,100 0

-1230,-2030,100 0

2400,-2860,100 0

6040,-3700,100 3

7200,-4060,100 0

8360,-4420,100 0

9520,-4780,100 0

10680,-5140,100 0

11840,-5500,100 1

8780,-4890,100 0

5720,-4280,100 0

2660,-3670,100 0

-400,-3060,100 0

-3440,-2450,100 3

-3980,-2360,100 0

-4520,-2270,100 0

-5060,-2180,100 0

-5600,-2090,100 0

-6130,-1990,100 1

-2470,-1040,100 0

1190,-90,100 0

4850,860,100 0

8510,1810,100 0

12190,2770,100 3

-12140,-320,100 2

-9710,290,100 0

-7280,900,100 0

-4850,1510,100 0

-2420,2120,100 0

0,2750,100 4

-110,2810,100 0

-220,2870,100 0

-330,2930,100 0

-440,2990,100 0

-540,3030,100 3

-2860,2360,100 0

-5180,1690,100 0

-7500,1020,100 0

-9820,350,100 0

-12140,-320,100 2

-8510,-140,100 0

-4880,40,100 0

-1250,220,100 0

2380,400,100 0

5990,560,100 3

7120,640,100 0

8250,720,100 0

9380,800,100 0

10510,880,100 0

11640,950,100 1

7580,250,100 0

3520,-450,100 0

-540,-1150,100 0

-4600,-1850,100 0

-8640,-2570,100 3

-9130,-2660,100 0

-9620,-2750,100 0

-10110,-2840,100 0

-10600,-2930,100 0

-11080,-3010,100 1

-6730,-3040,100 0

-2380,-3070,100 0

1970,-3100,100 0

6320,-3130,100 0

10650,-3180,100 3

11020,-3230,100 0

11390,-3280,100 0

11760,-3330,100 0

12130,-3380,100 0

12510,-3420,100 1

8060,-3100,100 0

3610,-2780,100 0

-840,-2460,100 0

-5290,-2140,100 0

-9720,-1820,100 3

-10320,-1780,100 0

-10920,-1740,100 0

-11520,-1700,100 0

-12120,-1660,100 0

-12700,-1620,100 1

-8820,-1740,100 0

-4940,-1860,100 0

-1060,-1980,100 0

2820,-2100,100 0

6690,-2230,100 3

7780,-2250,100 0

8870,-2270,100 0

9960,-2290,100 0

11050,-2310,100 0

12120,-2310,100 1

7860,-1420,100 0

3600,-530,100 0

-660,360,100 0

-4920,1250,100 0

-9180,2160,100 3

-9860,2240,100 0

-10540,2320,100 0

-11220,2400,100 0

-11900,2480,100 0

-12580,2580,100 1

-9110,1800,100 0

-5640,1020,100 0

-2170,240,100 0

1300,-540,100 0

4760,-1300,100 3

6120,-1810,100 0

7480,-2320,100 0

8840,-2830,100 0

10200,-3340,100 0

11540,-3870,100 1

6950,-2980,100 0

2360,-2090,100 0

-2230,-1200,100 0

-6820,-310,100 0

-11410,580,100 3

-11640,600,100 0

-11870,620,100 0

-12100,640,100 0

-12330,660,100 0

-12550,690,100 1

-10040,1160,100 0

-7530,1630,100 0

-5020,2100,100 0

-2510,2570,100 0

0,3050,100 4

-80,3090,100 0

-160,3130,100 0

-240,3170,100 0

-320,3210,100 0

-410,3230,100 3

-12180,460,100 2

-8550,-370,100 0

-4920,-1200,100 0

-1290,-2030,100 0

2340,-2860,100 0

5990,-3700,100 3

7180,-4116,100 0

8370,-4540,100 0

9560,-4960,100 0

10750,-5380,100 0

11920,-5780,100 1

8420,-5480,100 0

4920,-5180,100 0

1420,-4880,100 0

-2080,-4580,100 0

-5580,-4260,100 3

-12160,-280,100 2

-8530,-180,100 0

-4900,-80,100 0

-1270,20,100 0

2360,120,100 0

6000,220,100 3

7230,260,100 0

8460,300,100 0

9690,340,100 0

10920,380,100 0

12140,430,100 1

8480,230,100 0

4820,30,100 0

1160,-170,100 0

-2500,-370,100 0

-6170,-580,100 3

-6850,-650,100 0

-7530,-720,100 0

-8210,-790,100 0

-8890,-860,100 0

-9550,-930,100 1

-6920,-1060,100 0

-4290,-1190,100 0

-1660,-1320,100 0

970,-1450,100 0

3610,-1600,100 3

4090,-1670,100 0

4570,-1740,100 0

5050,-1810,100 0

5530,-1880,100 0

6000,-1970,100 1

3670,-1170,100 0

1340,-370,100 0

-990,430,100 0

-3320,1230,100 0

-5630,2010,100 1

-3960,1850,100 0

-2290,1690,100 0

-620,1530,100 0

1050,1370,100 0

2730,1210,100 3

3070,1160,100 0

3410,1110,100 0

3750,1060,100 0

4090,1010,100 0

4440,950,100 1

1620,150,100 0

-1200,-650,100 0

-4020,-1450,100 0

-6840,-2250,100 0

-9650,-3050,100 3

-10220,-3240,100 0

-10790,-3430,100 0

-11360,-3620,100 0

-11930,-3810,100 0

-12490,-4000,100 3

-12060,200,100 2

-9650,-200,100 0

-7240,-600,100 0

-4830,-1000,100 0

-2420,-1400,100 0

0,-1780,100 4

-70,-1870,100 0

-140,-1960,100 0

-210,-2057,100 0

-280,-2140,100 0

-330,-2230,100 3

-2680,-1740,100 0

-5030,-1250,100 0

-7380,-760,100 0

-9730,-270,100 0

-12060,200,100 2

-9650,40,100 0

-7240,-120,100 0

-4830,-280,100 0

-2420,-440,100 0

0,-610,100 4

1140,-600,100 0

2280,-590,100 0

3420,-580,100 0

4560,-570,100 0

5690,-560,100 3

2140,-410,100 0

-1410,-260,100 0

-4960,-110,100 0

-8510,40,100 0

-12060,200,100 2

-8490,-300,100 0

-4920,-800,100 0

-1350,-1300,100 0

2220,-1800,100 0

5780,-2310,100 3

7050,-2610,100 0

8320,-2910,100 0

9590,-3210,100 0

10860,-3510,100 0

12140,-3810,100 1

8060,-3830,100 0

3980,-3850,100 0

-100,-3870,100 0

-4180,-3890,100 0

-8270,-3890,100 3

-9100,-3960,100 0

-9930,-4030,100 0

-10760,-4100,100 0

-11590,-4170,100 0

-12400,-4220,100 1

-9370,-2770,100 0

-6340,-1320,100 0

-3310,130,100 0

-280,1580,100 0

2770,3010,100 3

3330,3390,100 0

3890,3770,100 0

4450,4150,100 0

5010,4530,100 0

5580,4930,100 1

2610,4540,100 0

-360,4150,100 0

-3330,3760,100 0

-6300,3370,100 0

-9260,2960,100 3

-10130,2830,100 0

-11000,2700,100 0

-11870,2570,100 0

-12740,2440,100 0

-13610,2310,100 3

12080,630,100 2

8450,-270,100 0

4820,-1170,100 0

1190,-2070,100 0

-2440,-2970,100 0

-6080,-3850,100 3

-7800,-4300,100 0

-9520,-4750,100 0

-11240,-5200,100 0

-12960,-5650,100 0

-14670,-6100,100 3

12060,-560,100 2

8430,430,100 0

4800,1420,100 0

1170,2410,100 0

-2460,3400,100 0

-6080,4370,100 3

-2450,3380,100 0

1180,2390,100 0

4810,1400,100 0

8440,410,100 0

12060,-560,100 2

8470,-350,100 0

4880,-140,100 0

1290,70,100 0

-2300,280,100 0

-5910,500,100 3

-7490,720,100 0

-9070,940,100 0

-10650,1160,100 0

-12230,1380,100 0

-13810,1600,100 1

-9350,1800,100 0

-4890,2000,100 0

-430,2200,100 0

4030,2400,100 0

8480,2620,100 3

9440,2850,100 0

10400,3080,100 0

11360,3310,100 0

12320,3540,100 0

13270,3770,100 3

12100,370,100 2

8490,230,100 0

4880,90,100 0

1270,-50,100 0

-2340,-190,100 0

-5950,-320,100 3

-7890,-460,100 0

-9830,-600,100 0

-11770,-740,100 0

-13710,-880,100 0

-15630,-1000,100 3

12100,-200,100 2

8580,520,100 0

5060,1240,100 0

1540,1960,100 0

-1980,2680,100 0

-5520,3390,100 3

-7510,3850,100 0

-9500,4310,100 0

-11490,4770,100 0

-13480,5230,100 0

-15470,5670,100 3

12140,300,100 2

9710,-20,100 0

7280,-340,100 0

4850,-660,100 0

2420,-980,100 0

0,-1300,100 4

60,-1360,100 0

120,-1420,100 0

180,-1480,100 0

240,-1540,100 0

300,-1600,100 3

2670,-1220,100 0

5040,-840,100 0

7410,-460,100 0

9780,-80,100 0

12140,300,100 2

8630,100,100 0

5120,-100,100 0

1610,-300,100 0

-1900,-500,100 0

-5390,-710,100 3

-7190,-840,100 0

-8990,-970,100 0

-10790,-1100,100 0

-12590,-1230,100 0

-14390,-1340,100 1

-9680,-1250,100 0

-4970,-1160,100 0

-260,-1070,100 0

4450,-980,100 0

9144,-890,100 3

9650,-880,100 0

10150,-870,100 0

10650,-860,100 0

11150,-850,100 0

11660,-820,100 1

7410,-230,100 0

3160,360,100 0

-1090,950,100 0

-5340,1540,100 0

-9610,2140,100 3

-10260,2210,100 0

-10910,2280,100 0

-11560,2350,100 0

-12210,2420,100 0

-12860,2470,100 1

-8170,1440,100 0

-3480,410,100 0

1210,-620,100 0

5900,-1650,100 0

10600,-2700,100 3

11030,-2870,100 0

11460,-3040,100 0

11888,-3210,100 0

12320,-3380,100 0

12730,-3530,100 1

9060,-3220,100 0

5390,-2910,100 0

1720,-2600,100 0

-1950,-2290,100 0

-5600,-1990,100 3

-6420,-1930,100 0

-7240,-1870,100 0

-8060,-1810,100 0

-8880,-1750,100 0

-9720,-1710,100 1

-6590,-1970,100 0

-3460,-2230,100 0

-330,-2490,100 0

2800,-2750,100 0

5910,-2990,100 1

2470,-2990,100 0

-970,-2990,100 0

-4410,-2990,100 0

-7850,-2990,100 0

-11280,-3010,100 3

-11730,-2980,100 0

-12180,-2950,100 0

-12630,-2920,100 0

-13080,-2890,100 0

-13550,-2860,100 1

-10540,-2960,100 0

-7530,-3060,100 0

-4520,-3160,100 0

-1510,-3260,100 0

1510,-3380,100 1

310,-2230,100 0

-890,-1080,100 0

-2090,70,100 0

-3290,1220,100 0

-4500,2360,100 3

-6190,3240,100 0

-7880,4116,100 0

-9570,5000,100 0

-11260,5880,100 0

-12940,6780,100 3

12140,300,100 2

8490,-520,100 0

4840,-1340,100 0

1190,-2160,100 0

-2460,-2980,100 0

-6130,-3810,100 3

-8000,-4270,100 0

-9870,-4730,100 0

-11740,-5190,100 0

-13610,-5650,100 0

-15480,-6130,100 3

12080,-390,100 2

8510,-430,100 0

4940,-470,100 0

1370,-510,100 0

-2200,-550,100 0

-5780,-610,100 3

-2210,-570,100 0

1360,-530,100 0

4930,-490,100 0

8500,-450,100 0

12080,-390,100 2

8540,50,100 0

5000,490,100 0

1460,930,100 0

-2080,1370,100 0

-5610,1800,100 3

-6810,2100,100 0

-8010,2400,100 0

-9210,2700,100 0

-10410,3000,100 0

-11600,3290,100 1

-7010,2720,100 0

-2420,2150,100 0

2170,1580,100 0

6760,1010,100 0

11360,430,100 3

11800,410,100 0

12240,390,100 0

12680,370,100 0

13120,350,100 0

13550,330,100 1

7910,700,100 0

2270,1070,100 0

-3370,1440,100 0

-9010,1810,100 0

-14630,2190,100 3

12160,430,100 2

8590,230,100 0

5020,30,100 0

1450,-170,100 0

-2120,-370,100 0

-5690,-580,100 3

-7050,-720,100 0

-8410,-860,100 0

-9770,-1000,100 0

-11130,-1140,100 0

-12510,-1280,100 1

-8870,-1430,100 0

-5230,-1580,100 0

-1590,-1730,100 0

2050,-1880,100 0

5690,-2010,100 1

3540,-980,100 0

1390,50,100 0

-760,1080,100 0

-2910,2110,100 0

-5070,3120,100 3

-5440,3430,100 0

-5810,3740,100 0

-6180,4050,100 0

-6550,4360,100 0

-6920,4650,100 1

-3290,4750,100 0

340,4850,100 0

3970,4950,100 0

7600,5050,100 0

11210,5150,100 3

12140,-460,100 2

8650,200,100 0

5160,860,100 0

1670,1520,100 0

-1820,2180,100 0

-5320,2860,100 3

-6610,3300,100 0

-7900,3740,100 0

-9190,4180,100 0

-10480,4620,100 0

-11750,5040,100 1

-8040,4440,100 0

-4330,3840,100 0

-620,3240,100 0

3090,2640,100 0

6820,2030,100 3

7010,1990,100 0

7200,1950,100 0

7390,1910,100 0

7580,1870,100 0

7790,1840,100 1

4880,1950,100 0

1970,2058,100 0

-940,2170,100 0

-3850,2280,100 0

-6750,2400,100 3

-7690,2450,100 0

-8630,2500,100 0

-9570,2550,100 0

-10510,2600,100 0

-11470,2660,100 1

-8180,1680,100 0

-4890,700,100 0

-1600,-280,100 0

1690,-1260,100 0

4960,-2250,100 3

6670,-2540,100 0

8380,-2830,100 0

10090,-3120,100 0

11800,-3410,100 0

13530,-3720,100 1

9590,-2690,100 0

5650,-1660,100 0

1710,-630,100 0

-2230,400,100 0

-6170,1410,100 3

-7260,1860,100 0

-8350,2310,100 0

-9440,2760,100 0

-10530,3210,100 0

-11600,3680,100 1

-7880,3220,100 0

-4160,2760,100 0

-440,2300,100 0

3280,1840,100 0

7010,1360,100 3

8310,1170,100 0

9610,980,100 0

10910,790,100 0

12210,600,100 0

13500,390,100 1

7870,-940,100 0

2240,-2270,100 0

-3390,-3600,100 0

-9020,-4930,100 0

-14630,-6260,100 3

12080,390,100 2

8530,-410,100 0

4980,-1210,100 0

1430,-2010,100 0

-2120,-2810,100 0

-5690,-3590,100 3

-7080,-3950,100 0

-8470,-4310,100 0

-9860,-4670,100 0

-11250,-5030,100 0

-12660,-5390,100 1

-7900,-4140,100 0

-3140,-2890,100 0

1620,-1640,100 0

6380,-390,100 0

11150,840,100 3

11360,920,100 0

11570,1000,100 0

11780,1080,100 0

11990,1160,100 0

12190,1260,100 1

7630,1620,100 0

3070,1980,100 0

-1490,2340,100 0

-6050,2700,100 0

-10630,3070,100 3

-11200,3200,100 0

-11770,3330,100 0

-12340,3460,100 0

-12910,3590,100 0

-13460,3720,100 1

-9640,3540,100 0

-5820,3360,100 0

-2000,3180,100 0

1820,3000,100 0

5650,2830,100 1

3720,1870,100 0

1790,910,100 0

-140,-50,100 0

-2070,-1010,100 0

-4020,-1950,100 3

-4450,-2330,100 0

-4880,-2710,100 0

-5310,-3090,100 0

-5740,-3470,100 0

-6170,-3850,100 3

12080,-500,100 2

8520,170,100 0

4960,840,100 0

1400,1510,100 0

-2160,2180,100 0

-5730,2860,100 3

-6930,3180,100 0

-8130,3500,100 0

-9330,3820,100 0

-10530,4140,100 0

-11750,4440,100 1

-7350,3790,100 0

-2950,3140,100 0

1450,2490,100 0

5850,1840,100 0

10260,1210,100 3

10670,1150,100 0

11080,1090,100 0

11490,1030,100 0

11900,970,100 0

12290,890,100 1

7710,1300,100 0

3130,1710,100 0

-1450,2120,100 0

-6030,2530,100 0

-10630,2920,100 3

-11180,2970,100 0

-11730,3020,100 0

-12280,3070,100 0

-12830,3120,100 0

-13380,3160,100 1

-8710,1790,100 0

-4040,420,100 0

630,-950,100 0

5300,-2320,100 0

9960,-3700,100 3

10510,-3900,100 0

11060,-4100,100 0

11610,-4300,100 0

12160,-4500,100 0

12710,-4680,100 1

7710,-4800,100 0

2710,-4920,100 0

-2290,-5040,100 0

-7290,-5160,100 0

-12310,-5300,100 3

12030,320,100 2

8630,110,100 0

5230,-100,100 0

1830,-310,100 0

-1570,-520,100 0

-4980,-720,100 3

-6440,-840,100 0

-7900,-960,100 0

-9360,-1080,100 0

-10820,-1200,100 0

-12290,-1340,100 1

-8810,-920,100 0

-5330,-500,100 0

-1850,-80,100 0

1630,340,100 0

5130,760,100 1

1570,1320,100 0

-1990,1880,100 0

-5550,2440,100 0

-9110,3000,100 0

-12680,3550,100 3

12100,-410,100 2

8680,370,100 0

5260,1150,100 0

1840,1930,100 0

-1580,2710,100 0

-5000,3490,100 3

-7020,3850,100 0

-9040,4210,100 0

-11060,4570,100 0

-13080,4930,100 0

-15080,5280,100 3

12030,430,100 2

8570,-600,100 0

5110,-1630,100 0

1650,-2660,100 0

-1810,-3690,100 0

-5260,-4700,100 3

-1800,-3670,100 0

1660,-2640,100 0

5120,-1610,100 0

8580,-580,100 0

12030,430,100 2

8640,140,100 0

5250,-150,100 0

1860,-440,100 0

-1530,-730,100 0

-4910,-1000,100 3

-6450,-1190,100 0

-7990,-1380,100 0

-9530,-1570,100 0

-11070,-1760,100 0

-12620,-1970,100 1

-9110,-1740,100 0

-5600,-1510,100 0

-2090,-1280,100 0

1420,-1050,100 0

4910,-820,100 3

5150,-780,100 0

5390,-740,100 0

5630,-700,100 0

5870,-660,100 0

6130,-630,100 1

4960,-680,100 0

3790,-730,100 0

2620,-780,100 0

1450,-830,100 0

300,-870,100 3

12050,-460,100 2

8330,-470,100 0

4610,-480,100 0

890,-490,100 0

-2830,-500,100 0

-6560,-520,100 3

-2840,-510,100 0

880,-500,100 0

4600,-490,100 0

8320,-480,100 0

12050,-460,100 2

8540,10,100 0

5030,480,100 0

1520,950,100 0

-1990,1420,100 0

-5480,1910,100 3

-6850,2150,100 0

-8220,2390,100 0

-9590,2630,100 0

-10960,2870,100 0

-12320,3120,100 1

-8700,2320,100 0

-5080,1520,100 0

-1460,720,100 0

2160,-80,100 0

5780,-860,100 3

6850,-1090,100 0

7920,-1320,100 0

8990,-1550,100 0

10060,-1780,100 0

11130,-1990,100 1

6980,-1050,100 0

2830,-110,100 0

-1320,830,100 0

-5470,1770,100 0

-9630,2700,100 3

-10220,2870,100 0

-10810,3040,100 0

-11400,3210,100 0

-11990,3380,100 0

-12580,3570,100 1

-7930,3280,100 0

-3280,2990,100 0

1370,2700,100 0

6020,2410,100 0

10690,2140,100 3

11220,2080,100 0

11750,2020,100 0

12280,1960,100 0

12810,1900,100 0

13350,1820,100 1

8210,2470,100 0

3070,3120,100 0

-2070,3770,100 0

-7210,4420,100 0

-12360,5070,100 3

